//Mon Mar  6 23:01:03 2017

"ketch0", "ketch1", "ketch2", "ketch3", "ketch4", "ketch5", "ketch6", "ketch7", "ketch8", "ketch9", "airp0", "airp1", "airp2", "airp3", "airp4", "airp5", "airp6", "airp7", "airp8", "airp9", "entropy", "target class", "imageFileName"
0.000000, 0.250000, 0.000000, 0.000000, 0.000000, 0.500000, 0.000000, 0.250000, 0.000000, 0.000000, 0.000000, 0.000000, 0.000000, 0.000000, 0.000000, 0.000000, 0.000000, 0.000000, 0.000000, 0.000000, 1, 1.500000, image_0001/, image_0001.jpg
0.000000, 0.500000, 0.000000, 0.000000, 0.500000, 0.000000, 0.000000, 0.000000, 0.000000, 0.000000, 0.000000, 0.000000, 0.000000, 0.000000, 0.000000, 0.000000, 0.000000, 0.000000, 0.000000, 0.000000, 1, 1.000000, image_0005/, image_0005.jpg
0.000000, 0.000000, 0.750000, 0.000000, 0.000000, 0.000000, 0.000000, 0.000000, 0.000000, 0.000000, 0.000000, 0.000000, 0.000000, 0.000000, 0.250000, 0.000000, 0.000000, 0.000000, 0.000000, 0.000000, 1, 0.811278, image_0006/, image_0006.jpg
0.000000, 0.000000, 0.000000, 0.000000, 0.000000, 0.500000, 0.000000, 0.500000, 0.000000, 0.000000, 0.000000, 0.000000, 0.000000, 0.000000, 0.000000, 0.000000, 0.000000, 0.000000, 0.000000, 0.000000, 1, 1.000000, image_0008/, image_0008.jpg
0.000000, 0.000000, 0.000000, 0.250000, 0.000000, 0.000000, 0.000000, 0.500000, 0.250000, 0.000000, 0.000000, 0.000000, 0.000000, 0.000000, 0.000000, 0.000000, 0.000000, 0.000000, 0.000000, 0.000000, 1, 1.500000, image_0011/, image_0011.jpg
0.750000, 0.000000, 0.000000, 0.000000, 0.000000, 0.000000, 0.000000, 0.000000, 0.000000, 0.000000, 0.000000, 0.000000, 0.000000, 0.000000, 0.000000, 0.250000, 0.000000, 0.000000, 0.000000, 0.000000, 1, 0.811278, image_0012/, image_0012.jpg
0.000000, 0.000000, 0.000000, 0.000000, 0.000000, 0.500000, 0.000000, 0.000000, 0.500000, 0.000000, 0.000000, 0.000000, 0.000000, 0.000000, 0.000000, 0.000000, 0.000000, 0.000000, 0.000000, 0.000000, 1, 1.000000, image_0013/, image_0013.jpg
0.000000, 0.000000, 0.000000, 0.000000, 0.000000, 0.000000, 0.500000, 0.000000, 0.000000, 0.000000, 0.000000, 0.250000, 0.000000, 0.000000, 0.250000, 0.000000, 0.000000, 0.000000, 0.000000, 0.000000, 1, 1.500000, image_0014/, image_0014.jpg
0.000000, 0.000000, 0.250000, 0.000000, 0.000000, 0.500000, 0.000000, 0.000000, 0.000000, 0.250000, 0.000000, 0.000000, 0.000000, 0.000000, 0.000000, 0.000000, 0.000000, 0.000000, 0.000000, 0.000000, 1, 1.500000, image_0015/, image_0015.jpg
0.000000, 0.000000, 0.000000, 0.000000, 0.000000, 0.500000, 0.000000, 0.250000, 0.000000, 0.000000, 0.000000, 0.000000, 0.000000, 0.000000, 0.250000, 0.000000, 0.000000, 0.000000, 0.000000, 0.000000, 1, 1.500000, image_0016/, image_0016.jpg
0.000000, 0.000000, 0.500000, 0.000000, 0.000000, 0.250000, 0.000000, 0.000000, 0.000000, 0.000000, 0.250000, 0.000000, 0.000000, 0.000000, 0.000000, 0.000000, 0.000000, 0.000000, 0.000000, 0.000000, 1, 1.500000, image_0018/, image_0018.jpg
0.000000, 0.000000, 0.000000, 0.250000, 0.000000, 0.000000, 0.000000, 0.500000, 0.000000, 0.000000, 0.000000, 0.000000, 0.250000, 0.000000, 0.000000, 0.000000, 0.000000, 0.000000, 0.000000, 0.000000, 1, 1.500000, image_0019/, image_0019.jpg
0.000000, 0.000000, 0.000000, 0.500000, 0.250000, 0.000000, 0.000000, 0.000000, 0.000000, 0.000000, 0.000000, 0.000000, 0.000000, 0.000000, 0.000000, 0.000000, 0.000000, 0.250000, 0.000000, 0.000000, 1, 1.500000, image_0020/, image_0020.jpg
0.000000, 0.000000, 0.000000, 0.000000, 0.000000, 0.000000, 0.000000, 0.000000, 0.000000, 0.750000, 0.000000, 0.000000, 0.000000, 0.000000, 0.000000, 0.000000, 0.000000, 0.250000, 0.000000, 0.000000, 1, 0.811278, image_0021/, image_0021.jpg
0.000000, 0.000000, 0.250000, 0.000000, 0.500000, 0.000000, 0.000000, 0.250000, 0.000000, 0.000000, 0.000000, 0.000000, 0.000000, 0.000000, 0.000000, 0.000000, 0.000000, 0.000000, 0.000000, 0.000000, 1, 1.500000, image_0023/, image_0023.jpg
0.000000, 0.000000, 0.000000, 0.000000, 0.000000, 0.250000, 0.250000, 0.250000, 0.000000, 0.000000, 0.000000, 0.000000, 0.000000, 0.000000, 0.000000, 0.000000, 0.000000, 0.000000, 0.250000, 0.000000, 1, 2.000000, image_0024/, image_0024.jpg
0.000000, 0.250000, 0.000000, 0.000000, 0.000000, 0.000000, 0.000000, 0.000000, 0.500000, 0.000000, 0.000000, 0.000000, 0.000000, 0.000000, 0.000000, 0.000000, 0.000000, 0.000000, 0.250000, 0.000000, 1, 1.500000, image_0025/, image_0025.jpg
0.000000, 0.500000, 0.000000, 0.000000, 0.000000, 0.250000, 0.000000, 0.000000, 0.000000, 0.000000, 0.000000, 0.000000, 0.000000, 0.000000, 0.000000, 0.000000, 0.000000, 0.250000, 0.000000, 0.000000, 1, 1.500000, image_0026/, image_0026.jpg
0.000000, 0.000000, 0.000000, 0.000000, 0.000000, 0.500000, 0.250000, 0.000000, 0.000000, 0.000000, 0.000000, 0.000000, 0.000000, 0.000000, 0.250000, 0.000000, 0.000000, 0.000000, 0.000000, 0.000000, 1, 1.500000, image_0027/, image_0027.jpg
0.000000, 0.000000, 0.000000, 0.000000, 0.000000, 0.000000, 0.250000, 0.000000, 0.250000, 0.000000, 0.000000, 0.000000, 0.000000, 0.000000, 0.500000, 0.000000, 0.000000, 0.000000, 0.000000, 0.000000, 1, 1.500000, image_0028/, image_0028.jpg
0.000000, 0.000000, 0.500000, 0.000000, 0.000000, 0.000000, 0.000000, 0.500000, 0.000000, 0.000000, 0.000000, 0.000000, 0.000000, 0.000000, 0.000000, 0.000000, 0.000000, 0.000000, 0.000000, 0.000000, 1, 1.000000, image_0029/, image_0029.jpg
0.000000, 0.000000, 0.000000, 0.000000, 0.000000, 0.250000, 0.000000, 0.250000, 0.500000, 0.000000, 0.000000, 0.000000, 0.000000, 0.000000, 0.000000, 0.000000, 0.000000, 0.000000, 0.000000, 0.000000, 1, 1.500000, image_0030/, image_0030.jpg
0.000000, 0.000000, 0.000000, 0.000000, 0.500000, 0.250000, 0.250000, 0.000000, 0.000000, 0.000000, 0.000000, 0.000000, 0.000000, 0.000000, 0.000000, 0.000000, 0.000000, 0.000000, 0.000000, 0.000000, 1, 1.500000, image_0032/, image_0032.jpg
0.000000, 0.000000, 0.000000, 0.000000, 0.000000, 0.000000, 0.250000, 0.000000, 0.750000, 0.000000, 0.000000, 0.000000, 0.000000, 0.000000, 0.000000, 0.000000, 0.000000, 0.000000, 0.000000, 0.000000, 1, 0.811278, image_0033/, image_0033.jpg
0.000000, 0.000000, 0.000000, 0.250000, 0.000000, 0.250000, 0.000000, 0.500000, 0.000000, 0.000000, 0.000000, 0.000000, 0.000000, 0.000000, 0.000000, 0.000000, 0.000000, 0.000000, 0.000000, 0.000000, 1, 1.500000, image_0035/, image_0035.jpg
0.000000, 0.000000, 0.500000, 0.000000, 0.000000, 0.000000, 0.500000, 0.000000, 0.000000, 0.000000, 0.000000, 0.000000, 0.000000, 0.000000, 0.000000, 0.000000, 0.000000, 0.000000, 0.000000, 0.000000, 1, 1.000000, image_0036/, image_0036.jpg
0.000000, 0.500000, 0.250000, 0.000000, 0.000000, 0.000000, 0.250000, 0.000000, 0.000000, 0.000000, 0.000000, 0.000000, 0.000000, 0.000000, 0.000000, 0.000000, 0.000000, 0.000000, 0.000000, 0.000000, 1, 1.500000, image_0037/, image_0037.jpg
0.000000, 0.000000, 0.000000, 0.000000, 0.000000, 0.500000, 0.500000, 0.000000, 0.000000, 0.000000, 0.000000, 0.000000, 0.000000, 0.000000, 0.000000, 0.000000, 0.000000, 0.000000, 0.000000, 0.000000, 1, 1.000000, image_0038/, image_0038.jpg
0.000000, 0.000000, 0.250000, 0.000000, 0.000000, 0.000000, 0.000000, 0.250000, 0.500000, 0.000000, 0.000000, 0.000000, 0.000000, 0.000000, 0.000000, 0.000000, 0.000000, 0.000000, 0.000000, 0.000000, 1, 1.500000, image_0039/, image_0039.jpg
0.000000, 0.000000, 0.000000, 0.250000, 0.000000, 0.000000, 0.000000, 0.250000, 0.250000, 0.000000, 0.000000, 0.000000, 0.000000, 0.250000, 0.000000, 0.000000, 0.000000, 0.000000, 0.000000, 0.000000, 1, 2.000000, image_0040/, image_0040.jpg
0.000000, 0.000000, 0.000000, 0.250000, 0.000000, 0.250000, 0.000000, 0.250000, 0.000000, 0.000000, 0.000000, 0.000000, 0.000000, 0.250000, 0.000000, 0.000000, 0.000000, 0.000000, 0.000000, 0.000000, 1, 2.000000, image_0041/, image_0041.jpg
0.000000, 0.000000, 0.000000, 0.000000, 0.000000, 1.000000, 0.000000, 0.000000, 0.000000, 0.000000, 0.000000, 0.000000, 0.000000, 0.000000, 0.000000, 0.000000, 0.000000, 0.000000, 0.000000, 0.000000, 1, 0.000000, image_0042/, image_0042.jpg
0.000000, 0.000000, 0.250000, 0.000000, 0.000000, 0.000000, 0.000000, 0.250000, 0.250000, 0.250000, 0.000000, 0.000000, 0.000000, 0.000000, 0.000000, 0.000000, 0.000000, 0.000000, 0.000000, 0.000000, 1, 2.000000, image_0043/, image_0043.jpg
0.000000, 0.000000, 0.000000, 0.000000, 0.250000, 0.500000, 0.000000, 0.000000, 0.000000, 0.000000, 0.000000, 0.000000, 0.000000, 0.000000, 0.000000, 0.000000, 0.000000, 0.000000, 0.000000, 0.250000, 1, 1.500000, image_0044/, image_0044.jpg
0.000000, 0.000000, 0.000000, 0.000000, 0.250000, 0.000000, 0.000000, 0.500000, 0.000000, 0.000000, 0.000000, 0.000000, 0.000000, 0.000000, 0.000000, 0.250000, 0.000000, 0.000000, 0.000000, 0.000000, 1, 1.500000, image_0045/, image_0045.jpg
0.000000, 0.000000, 0.000000, 0.250000, 0.000000, 0.000000, 0.500000, 0.250000, 0.000000, 0.000000, 0.000000, 0.000000, 0.000000, 0.000000, 0.000000, 0.000000, 0.000000, 0.000000, 0.000000, 0.000000, 1, 1.500000, image_0046/, image_0046.jpg
0.000000, 0.500000, 0.000000, 0.000000, 0.000000, 0.500000, 0.000000, 0.000000, 0.000000, 0.000000, 0.000000, 0.000000, 0.000000, 0.000000, 0.000000, 0.000000, 0.000000, 0.000000, 0.000000, 0.000000, 1, 1.000000, image_0047/, image_0047.jpg
0.000000, 0.000000, 0.000000, 0.000000, 0.000000, 0.500000, 0.000000, 0.500000, 0.000000, 0.000000, 0.000000, 0.000000, 0.000000, 0.000000, 0.000000, 0.000000, 0.000000, 0.000000, 0.000000, 0.000000, 1, 1.000000, image_0048/, image_0048.jpg
0.000000, 0.000000, 0.166667, 0.000000, 0.500000, 0.000000, 0.000000, 0.000000, 0.000000, 0.000000, 0.000000, 0.000000, 0.000000, 0.000000, 0.166667, 0.000000, 0.000000, 0.166667, 0.000000, 0.000000, 1, 1.792481, image_0049/, image_0049.jpg
0.000000, 0.000000, 0.000000, 0.000000, 0.833333, 0.000000, 0.000000, 0.000000, 0.000000, 0.000000, 0.000000, 0.000000, 0.000000, 0.000000, 0.000000, 0.166667, 0.000000, 0.000000, 0.000000, 0.000000, 1, 0.650022, image_0071/, image_0071.jpg
0.000000, 0.000000, 0.000000, 0.000000, 0.500000, 0.166667, 0.000000, 0.000000, 0.000000, 0.000000, 0.000000, 0.000000, 0.000000, 0.000000, 0.166667, 0.000000, 0.000000, 0.166667, 0.000000, 0.000000, 1, 1.792481, image_0072/, image_0072.jpg
0.000000, 0.000000, 0.000000, 0.000000, 0.000000, 0.000000, 0.000000, 0.000000, 0.000000, 0.000000, 0.000000, 0.000000, 0.000000, 0.000000, 0.333333, 0.000000, 0.000000, 0.666667, 0.000000, 0.000000, 1, 0.918296, image_0075/, image_0075.jpg
0.000000, 0.000000, 0.000000, 0.666667, 0.000000, 0.000000, 0.000000, 0.000000, 0.000000, 0.000000, 0.000000, 0.000000, 0.000000, 0.000000, 0.000000, 0.000000, 0.000000, 0.333333, 0.000000, 0.000000, 1, 0.918296, image_0123/, image_0123.jpg
0.000000, 0.000000, 0.000000, 0.000000, 0.000000, 0.000000, 0.000000, 0.000000, 0.000000, 0.000000, 0.000000, 0.000000, 0.000000, 0.000000, 0.000000, 0.333333, 0.666667, 0.000000, 0.000000, 0.000000, 1, 0.918296, image_0124/, image_0124.jpg
0.000000, 0.000000, 0.000000, 0.333333, 0.000000, 0.000000, 0.000000, 0.000000, 0.000000, 0.000000, 0.000000, 0.000000, 0.166667, 0.000000, 0.333333, 0.000000, 0.166667, 0.000000, 0.000000, 0.000000, 1, 1.918296, image_0129/, image_0129.jpg
0.000000, 0.000000, 0.000000, 0.000000, 0.000000, 0.000000, 0.000000, 0.000000, 0.000000, 0.000000, 0.000000, 0.000000, 0.000000, 0.000000, 0.333333, 0.000000, 0.000000, 0.666667, 0.000000, 0.000000, 1, 0.918296, image_0130/, image_0130.jpg
0.000000, 0.000000, 0.166667, 0.000000, 0.833333, 0.000000, 0.000000, 0.000000, 0.000000, 0.000000, 0.000000, 0.000000, 0.000000, 0.000000, 0.000000, 0.000000, 0.000000, 0.000000, 0.000000, 0.000000, 1, 0.650022, image_0133/, image_0133.jpg
0.000000, 0.000000, 0.000000, 0.000000, 0.000000, 0.000000, 0.000000, 0.000000, 0.000000, 0.000000, 0.000000, 0.000000, 0.000000, 0.000000, 0.333333, 0.000000, 0.000000, 0.000000, 0.666667, 0.000000, 1, 0.918296, image_0171/, image_0171.jpg
0.000000, 0.333333, 0.000000, 0.000000, 0.000000, 0.000000, 0.000000, 0.000000, 0.333333, 0.000000, 0.000000, 0.000000, 0.000000, 0.000000, 0.000000, 0.000000, 0.000000, 0.333333, 0.000000, 0.000000, 1, 1.584962, image_0177/, image_0177.jpg
0.166667, 0.000000, 0.000000, 0.000000, 0.000000, 0.000000, 0.000000, 0.000000, 0.000000, 0.000000, 0.000000, 0.166667, 0.000000, 0.000000, 0.500000, 0.166667, 0.000000, 0.000000, 0.000000, 0.000000, 1, 1.792481, image_0178/, image_0178.jpg
0.000000, 0.000000, 0.000000, 0.166667, 0.000000, 0.000000, 0.000000, 0.000000, 0.000000, 0.000000, 0.000000, 0.166667, 0.333333, 0.000000, 0.000000, 0.000000, 0.333333, 0.000000, 0.000000, 0.000000, 1, 1.918296, image_0194/, image_0194.jpg
0.000000, 0.000000, 0.000000, 0.000000, 0.000000, 0.000000, 0.000000, 0.166667, 0.000000, 0.000000, 0.333333, 0.000000, 0.333333, 0.166667, 0.000000, 0.000000, 0.000000, 0.000000, 0.000000, 0.000000, 1, 1.918296, image_0198/, image_0198.jpg
0.000000, 0.000000, 0.000000, 0.000000, 0.000000, 0.000000, 0.000000, 0.166667, 0.000000, 0.000000, 0.666667, 0.000000, 0.000000, 0.000000, 0.000000, 0.000000, 0.000000, 0.000000, 0.000000, 0.166667, 1, 1.251629, image_0199/, image_0199.jpg
0.000000, 0.166667, 0.000000, 0.000000, 0.000000, 0.333333, 0.000000, 0.000000, 0.000000, 0.000000, 0.000000, 0.000000, 0.000000, 0.000000, 0.166667, 0.000000, 0.000000, 0.166667, 0.166667, 0.000000, 1, 2.251629, image_0208/, image_0208.jpg
0.000000, 0.000000, 0.000000, 0.166667, 0.000000, 0.000000, 0.000000, 0.000000, 0.000000, 0.000000, 0.000000, 0.000000, 0.833333, 0.000000, 0.000000, 0.000000, 0.000000, 0.000000, 0.000000, 0.000000, 1, 0.650022, image_0211/, image_0211.jpg
0.000000, 0.000000, 0.000000, 0.000000, 0.000000, 0.000000, 0.000000, 0.166667, 0.000000, 0.000000, 0.000000, 0.000000, 0.500000, 0.333333, 0.000000, 0.000000, 0.000000, 0.000000, 0.000000, 0.000000, 1, 1.459148, image_0212/, image_0212.jpg
0.000000, 0.000000, 0.000000, 0.333333, 0.000000, 0.000000, 0.000000, 0.000000, 0.000000, 0.000000, 0.000000, 0.000000, 0.333333, 0.333333, 0.000000, 0.000000, 0.000000, 0.000000, 0.000000, 0.000000, 1, 1.584962, image_0225/, image_0225.jpg
0.000000, 0.000000, 0.000000, 0.000000, 0.000000, 0.333333, 0.000000, 0.000000, 0.000000, 0.000000, 0.000000, 0.000000, 0.000000, 0.000000, 0.000000, 0.000000, 0.000000, 0.000000, 0.000000, 0.666667, 1, 0.918296, image_0230/, image_0230.jpg
0.000000, 0.000000, 0.000000, 0.000000, 0.000000, 0.166667, 0.000000, 0.166667, 0.000000, 0.000000, 0.000000, 0.000000, 0.000000, 0.000000, 0.000000, 0.000000, 0.000000, 0.000000, 0.000000, 0.666667, 1, 1.251629, image_0231/, image_0231.jpg
0.000000, 0.000000, 0.000000, 0.333333, 0.000000, 0.166667, 0.000000, 0.000000, 0.000000, 0.000000, 0.000000, 0.000000, 0.000000, 0.166667, 0.000000, 0.000000, 0.000000, 0.000000, 0.000000, 0.333333, 1, 1.918296, image_0269/, image_0269.jpg
0.000000, 0.166667, 0.000000, 0.000000, 0.000000, 0.000000, 0.000000, 0.000000, 0.000000, 0.333333, 0.000000, 0.000000, 0.166667, 0.000000, 0.000000, 0.000000, 0.333333, 0.000000, 0.000000, 0.000000, 1, 1.918296, image_0347/, image_0347.jpg
0.000000, 0.000000, 0.000000, 0.666667, 0.000000, 0.000000, 0.000000, 0.000000, 0.000000, 0.000000, 0.000000, 0.000000, 0.333333, 0.000000, 0.000000, 0.000000, 0.000000, 0.000000, 0.000000, 0.000000, 1, 0.918296, image_0349/, image_0349.jpg
0.000000, 0.000000, 0.000000, 0.333333, 0.000000, 0.000000, 0.000000, 0.000000, 0.000000, 0.000000, 0.000000, 0.000000, 0.000000, 0.333333, 0.000000, 0.000000, 0.000000, 0.000000, 0.000000, 0.333333, 1, 1.584962, image_0350/, image_0350.jpg
0.000000, 0.000000, 0.000000, 0.333333, 0.000000, 0.000000, 0.000000, 0.000000, 0.000000, 0.000000, 0.166667, 0.000000, 0.000000, 0.166667, 0.000000, 0.000000, 0.000000, 0.000000, 0.000000, 0.333333, 1, 1.918296, image_0351/, image_0351.jpg
0.000000, 0.000000, 0.000000, 0.000000, 0.000000, 0.000000, 0.000000, 0.000000, 0.000000, 0.000000, 0.500000, 0.000000, 0.000000, 0.500000, 0.000000, 0.000000, 0.000000, 0.000000, 0.000000, 0.000000, 1, 1.000000, image_0352/, image_0352.jpg
0.000000, 0.000000, 0.000000, 0.666667, 0.000000, 0.000000, 0.000000, 0.000000, 0.000000, 0.000000, 0.000000, 0.333333, 0.000000, 0.000000, 0.000000, 0.000000, 0.000000, 0.000000, 0.000000, 0.000000, 1, 0.918296, image_0356/, image_0356.jpg
0.333333, 0.000000, 0.000000, 0.000000, 0.000000, 0.000000, 0.000000, 0.000000, 0.000000, 0.000000, 0.000000, 0.333333, 0.000000, 0.000000, 0.000000, 0.000000, 0.333333, 0.000000, 0.000000, 0.000000, 1, 1.584962, image_0357/, image_0357.jpg
0.000000, 0.000000, 0.000000, 0.000000, 0.000000, 0.166667, 0.000000, 0.333333, 0.000000, 0.000000, 0.000000, 0.000000, 0.000000, 0.333333, 0.000000, 0.000000, 0.000000, 0.000000, 0.000000, 0.166667, 1, 1.918296, image_0377/, image_0377.jpg
0.000000, 0.000000, 0.000000, 0.000000, 0.000000, 0.666667, 0.000000, 0.000000, 0.000000, 0.000000, 0.000000, 0.000000, 0.000000, 0.000000, 0.000000, 0.000000, 0.000000, 0.333333, 0.000000, 0.000000, 1, 0.918296, image_0446/, image_0446.jpg
0.166667, 0.000000, 0.000000, 0.000000, 0.000000, 0.000000, 0.000000, 0.000000, 0.000000, 0.000000, 0.000000, 0.000000, 0.000000, 0.000000, 0.000000, 0.500000, 0.000000, 0.000000, 0.333333, 0.000000, 1, 1.459148, image_0447/, image_0447.jpg
0.000000, 0.000000, 0.000000, 0.000000, 0.000000, 0.166667, 0.000000, 0.000000, 0.000000, 0.000000, 0.666667, 0.000000, 0.000000, 0.166667, 0.000000, 0.000000, 0.000000, 0.000000, 0.000000, 0.000000, 1, 1.251629, image_0486/, image_0486.jpg
0.000000, 0.000000, 0.000000, 0.000000, 0.000000, 0.166667, 0.000000, 0.000000, 0.000000, 0.000000, 0.000000, 0.166667, 0.000000, 0.000000, 0.166667, 0.000000, 0.000000, 0.000000, 0.000000, 0.500000, 1, 1.792481, image_0491/, image_0491.jpg
0.000000, 0.000000, 0.000000, 0.166667, 0.000000, 0.000000, 0.000000, 0.166667, 0.000000, 0.000000, 0.333333, 0.000000, 0.000000, 0.333333, 0.000000, 0.000000, 0.000000, 0.000000, 0.000000, 0.000000, 1, 1.918296, image_0540/, image_0540.jpg
0.000000, 0.000000, 0.000000, 0.000000, 0.000000, 0.666667, 0.000000, 0.000000, 0.000000, 0.000000, 0.000000, 0.000000, 0.000000, 0.000000, 0.333333, 0.000000, 0.000000, 0.000000, 0.000000, 0.000000, 1, 0.918296, image_0572/, image_0572.jpg
0.000000, 0.000000, 0.000000, 0.000000, 0.000000, 0.666667, 0.000000, 0.000000, 0.000000, 0.000000, 0.000000, 0.000000, 0.000000, 0.000000, 0.000000, 0.000000, 0.000000, 0.000000, 0.000000, 0.333333, 1, 0.918296, image_0573/, image_0573.jpg
0.000000, 0.000000, 0.000000, 0.000000, 0.000000, 0.333333, 0.000000, 0.333333, 0.000000, 0.000000, 0.000000, 0.000000, 0.000000, 0.333333, 0.000000, 0.000000, 0.000000, 0.000000, 0.000000, 0.000000, 1, 1.584962, image_0575/, image_0575.jpg
0.000000, 0.000000, 0.333333, 0.000000, 0.000000, 0.333333, 0.000000, 0.000000, 0.000000, 0.000000, 0.000000, 0.000000, 0.000000, 0.333333, 0.000000, 0.000000, 0.000000, 0.000000, 0.000000, 0.000000, 1, 1.584962, image_0576/, image_0576.jpg
0.000000, 0.000000, 0.000000, 0.000000, 0.000000, 0.666667, 0.000000, 0.000000, 0.000000, 0.000000, 0.000000, 0.000000, 0.000000, 0.333333, 0.000000, 0.000000, 0.000000, 0.000000, 0.000000, 0.000000, 1, 0.918296, image_0577/, image_0577.jpg
0.000000, 0.000000, 0.000000, 0.000000, 0.000000, 0.666667, 0.000000, 0.000000, 0.000000, 0.000000, 0.000000, 0.000000, 0.000000, 0.000000, 0.000000, 0.333333, 0.000000, 0.000000, 0.000000, 0.000000, 1, 0.918296, image_0579/, image_0579.jpg
0.000000, 0.000000, 0.000000, 0.000000, 0.000000, 0.333333, 0.000000, 0.000000, 0.000000, 0.000000, 0.000000, 0.000000, 0.000000, 0.333333, 0.333333, 0.000000, 0.000000, 0.000000, 0.000000, 0.000000, 1, 1.584962, image_0581/, image_0581.jpg
0.000000, 0.000000, 0.000000, 0.000000, 0.000000, 0.000000, 0.000000, 0.000000, 0.000000, 0.000000, 0.333333, 0.000000, 0.000000, 0.666667, 0.000000, 0.000000, 0.000000, 0.000000, 0.000000, 0.000000, 1, 0.918296, image_0582/, image_0582.jpg
0.000000, 0.000000, 0.000000, 0.000000, 0.000000, 0.000000, 0.000000, 0.000000, 0.000000, 0.000000, 0.666667, 0.000000, 0.000000, 0.333333, 0.000000, 0.000000, 0.000000, 0.000000, 0.000000, 0.000000, 1, 0.918296, image_0583/, image_0583.jpg
0.000000, 0.000000, 0.000000, 0.000000, 0.000000, 0.000000, 0.000000, 0.000000, 0.000000, 0.000000, 0.333333, 0.000000, 0.000000, 0.666667, 0.000000, 0.000000, 0.000000, 0.000000, 0.000000, 0.000000, 1, 0.918296, image_0584/, image_0584.jpg
0.000000, 0.000000, 0.000000, 0.000000, 0.000000, 0.000000, 0.000000, 0.000000, 0.000000, 0.000000, 0.333333, 0.000000, 0.000000, 0.666667, 0.000000, 0.000000, 0.000000, 0.000000, 0.000000, 0.000000, 1, 0.918296, image_0585/, image_0585.jpg
0.000000, 0.000000, 0.000000, 0.166667, 0.000000, 0.000000, 0.000000, 0.000000, 0.000000, 0.000000, 0.166667, 0.000000, 0.000000, 0.333333, 0.000000, 0.000000, 0.333333, 0.000000, 0.000000, 0.000000, 1, 1.918296, image_0586/, image_0586.jpg
0.000000, 0.000000, 0.000000, 0.000000, 0.000000, 0.000000, 0.000000, 0.000000, 0.000000, 0.000000, 0.000000, 0.000000, 0.333333, 0.333333, 0.000000, 0.000000, 0.333333, 0.000000, 0.000000, 0.000000, 1, 1.584962, image_0599/, image_0599.jpg
0.000000, 0.333333, 0.000000, 0.000000, 0.000000, 0.000000, 0.000000, 0.000000, 0.000000, 0.000000, 0.000000, 0.333333, 0.000000, 0.000000, 0.000000, 0.000000, 0.333333, 0.000000, 0.000000, 0.000000, 1, 1.584962, image_0600/, image_0600.jpg
0.000000, 0.000000, 0.000000, 0.000000, 0.000000, 0.333333, 0.000000, 0.000000, 0.333333, 0.000000, 0.000000, 0.000000, 0.000000, 0.000000, 0.000000, 0.000000, 0.333333, 0.000000, 0.000000, 0.000000, 1, 1.584962, image_0601/, image_0601.jpg
0.000000, 0.000000, 0.000000, 0.000000, 0.000000, 0.000000, 0.000000, 0.166667, 0.000000, 0.000000, 0.333333, 0.000000, 0.333333, 0.166667, 0.000000, 0.000000, 0.000000, 0.000000, 0.000000, 0.000000, 1, 1.918296, image_0602/, image_0602.jpg
0.000000, 0.000000, 0.000000, 0.000000, 0.000000, 0.333333, 0.000000, 0.000000, 0.000000, 0.000000, 0.000000, 0.333333, 0.000000, 0.333333, 0.000000, 0.000000, 0.000000, 0.000000, 0.000000, 0.000000, 1, 1.584962, image_0603/, image_0603.jpg
0.333333, 0.000000, 0.000000, 0.333333, 0.000000, 0.000000, 0.000000, 0.000000, 0.000000, 0.000000, 0.000000, 0.000000, 0.000000, 0.000000, 0.000000, 0.000000, 0.333333, 0.000000, 0.000000, 0.000000, 1, 1.584962, image_0604/, image_0604.jpg
0.000000, 0.000000, 0.000000, 0.000000, 0.000000, 0.333333, 0.000000, 0.000000, 0.000000, 0.000000, 0.333333, 0.000000, 0.000000, 0.333333, 0.000000, 0.000000, 0.000000, 0.000000, 0.000000, 0.000000, 1, 1.584962, image_0605/, image_0605.jpg
0.333333, 0.000000, 0.000000, 0.000000, 0.000000, 0.000000, 0.000000, 0.000000, 0.000000, 0.000000, 0.000000, 0.000000, 0.666667, 0.000000, 0.000000, 0.000000, 0.000000, 0.000000, 0.000000, 0.000000, 1, 0.918296, image_0606/, image_0606.jpg
0.333333, 0.000000, 0.000000, 0.000000, 0.000000, 0.000000, 0.000000, 0.000000, 0.000000, 0.000000, 0.000000, 0.333333, 0.000000, 0.000000, 0.000000, 0.000000, 0.333333, 0.000000, 0.000000, 0.000000, 1, 1.584962, image_0607/, image_0607.jpg
0.000000, 0.000000, 0.000000, 0.000000, 0.000000, 0.333333, 0.000000, 0.000000, 0.000000, 0.000000, 0.000000, 0.000000, 0.666667, 0.000000, 0.000000, 0.000000, 0.000000, 0.000000, 0.000000, 0.000000, 1, 0.918296, image_0608/, image_0608.jpg
0.000000, 0.000000, 0.000000, 0.000000, 0.000000, 0.000000, 0.000000, 0.000000, 0.000000, 0.000000, 0.000000, 0.000000, 0.333333, 0.333333, 0.000000, 0.000000, 0.000000, 0.000000, 0.000000, 0.333333, 1, 1.584962, image_0609/, image_0609.jpg
0.000000, 0.000000, 0.000000, 0.000000, 0.000000, 0.000000, 0.000000, 0.000000, 0.000000, 0.000000, 0.000000, 0.666667, 0.333333, 0.000000, 0.000000, 0.000000, 0.000000, 0.000000, 0.000000, 0.000000, 1, 0.918296, image_0610/, image_0610.jpg
0.000000, 0.166667, 0.000000, 0.000000, 0.000000, 0.000000, 0.000000, 0.000000, 0.000000, 0.000000, 0.000000, 0.000000, 0.666667, 0.166667, 0.000000, 0.000000, 0.000000, 0.000000, 0.000000, 0.000000, 1, 1.251629, image_0622/, image_0622.jpg
0.000000, 0.000000, 0.000000, 0.000000, 0.000000, 0.166667, 0.000000, 0.000000, 0.000000, 0.000000, 0.000000, 0.000000, 0.000000, 0.000000, 0.333333, 0.333333, 0.000000, 0.166667, 0.000000, 0.000000, 1, 1.918296, image_0627/, image_0627.jpg
0.000000, 0.000000, 0.000000, 0.000000, 0.000000, 0.166667, 0.000000, 0.000000, 0.000000, 0.000000, 0.000000, 0.500000, 0.166667, 0.000000, 0.000000, 0.000000, 0.000000, 0.000000, 0.166667, 0.000000, 1, 1.792481, image_0639/, image_0639.jpg
0.000000, 0.000000, 0.000000, 0.000000, 0.000000, 0.000000, 0.000000, 0.000000, 0.000000, 0.000000, 0.666667, 0.000000, 0.000000, 0.333333, 0.000000, 0.000000, 0.000000, 0.000000, 0.000000, 0.000000, 1, 0.918296, image_0644/, image_0644.jpg
0.000000, 0.000000, 0.000000, 0.000000, 0.000000, 0.000000, 0.000000, 0.000000, 0.000000, 0.000000, 1.000000, 0.000000, 0.000000, 0.000000, 0.000000, 0.000000, 0.000000, 0.000000, 0.000000, 0.000000, 1, 0.000000, image_0645/, image_0645.jpg
0.000000, 0.000000, 0.000000, 0.000000, 0.000000, 0.166667, 0.000000, 0.000000, 0.000000, 0.000000, 0.000000, 0.000000, 0.500000, 0.000000, 0.000000, 0.000000, 0.166667, 0.000000, 0.000000, 0.166667, 1, 1.792481, image_0647/, image_0647.jpg
0.000000, 0.000000, 0.000000, 0.000000, 0.000000, 0.166667, 0.000000, 0.000000, 0.000000, 0.000000, 0.000000, 0.166667, 0.000000, 0.000000, 0.166667, 0.000000, 0.333333, 0.000000, 0.000000, 0.166667, 1, 2.251629, image_0648/, image_0648.jpg
0.000000, 0.000000, 0.000000, 0.000000, 0.000000, 0.166667, 0.000000, 0.000000, 0.000000, 0.000000, 0.000000, 0.333333, 0.000000, 0.000000, 0.166667, 0.166667, 0.000000, 0.000000, 0.166667, 0.000000, 1, 2.251629, image_0652/, image_0652.jpg
0.333333, 0.000000, 0.000000, 0.000000, 0.000000, 0.000000, 0.000000, 0.000000, 0.000000, 0.000000, 0.000000, 0.000000, 0.000000, 0.000000, 0.000000, 0.666667, 0.000000, 0.000000, 0.000000, 0.000000, 1, 0.918296, image_0653/, image_0653.jpg
0.000000, 0.000000, 0.000000, 0.000000, 0.166667, 0.000000, 0.000000, 0.000000, 0.000000, 0.000000, 0.666667, 0.000000, 0.000000, 0.166667, 0.000000, 0.000000, 0.000000, 0.000000, 0.000000, 0.000000, 1, 1.251629, image_0751/, image_0751.jpg
0.000000, 0.000000, 0.000000, 0.000000, 0.000000, 0.166667, 0.000000, 0.000000, 0.000000, 0.000000, 0.000000, 0.166667, 0.000000, 0.000000, 0.166667, 0.500000, 0.000000, 0.000000, 0.000000, 0.000000, 1, 1.792481, image_0774/, image_0774.jpg
0.000000, 0.000000, 0.000000, 0.333333, 0.000000, 0.000000, 0.000000, 0.000000, 0.000000, 0.000000, 0.000000, 0.333333, 0.000000, 0.000000, 0.000000, 0.000000, 0.000000, 0.000000, 0.000000, 0.333333, 1, 1.584962, image_0794/, image_0794.jpg
0.000000, 0.000000, 0.000000, 0.000000, 0.000000, 0.000000, 0.000000, 0.000000, 0.000000, 0.000000, 0.000000, 0.333333, 0.666667, 0.000000, 0.000000, 0.000000, 0.000000, 0.000000, 0.000000, 0.000000, 1, 0.918296, image_0797/, image_0797.jpg
0.000000, 0.000000, 0.000000, 0.000000, 0.333333, 0.000000, 0.000000, 0.000000, 0.000000, 0.000000, 0.000000, 0.000000, 0.000000, 0.000000, 0.000000, 0.000000, 0.000000, 0.000000, 0.333333, 0.333333, 1, 1.584962, image_0799/, image_0799.jpg
0.000000, 0.000000, 0.000000, 0.000000, 0.000000, 0.000000, 0.000000, 0.000000, 0.000000, 0.000000, 1.000000, 0.000000, 0.000000, 0.000000, 0.000000, 0.000000, 0.000000, 0.000000, 0.000000, 0.000000, 1, 0.000000, image_0800/, image_0800.jpg
average entropy of all cases:1.351252
